,55-

111111110111, 14 ’14ιῖ Solinus VII, 21

111 41 13131311. 2

135 32

20 24. 23

21 2349

24 41

25 24. 21 sq. 30 Strabo 1113

111 11 p. 11

218 33 1133

23 2428113011. 1151

41. p. 30

213 45 11111172
Ι 111 11 11111

111 11 1111
1182, 11 4 Vp. 213

pag.
38

33

33

35

35

33. 33
44

41

42 sq. 44
42

16 sq.

43

41. 43 sq.
43

43

1111 ' p. 111 11

111 41 11111

50

111 11 11111 11
2, 30 '4 11250111. 41

1111 41 1111111
v1‚1,13' 11ι 11111
11 11 11111

4411. Ἰ
43
42

1111111 11111111 11
111 11 111111111 11
111 13111
14,4 1 11111 11

111 10 ' 11111 1111.
111 11 1111111111 11

111 1111 mmmmm 111111
22,1 71113111. 1v‚13 13

24, 4 21 1111111111. fr. 1⁵9
24, 6 13 (Wimmer)

111 11 11111111111111.

111 11 111111
111 1111111. xmo
111 11 11

33 sqq,

40
31
31

1111111 111 Verg. Aen. Varro ap. Solinum vide solinum.

111, 442 30 Vitruvius vm,
1111111 Empiric. 1311111111. 3, 5, 6, 8. 14

33

x1, 93 p. 560, 26 lsq. 315. 13, 111111 37

>linus vll, 12 38 3, 22-24

m

38

 

